 5.82325499e+010
 4.98415447e+010
 4.42449874e+010
 3.76745104e+010
 3.50745956e+010
 2.96391793e+010
 2.59220118e+010
 2.31695059e+010
 2.18385931e+010
 2.08364422e+010
 1.92744434e+010
 1.62427111e+010
 1.45787431e+010
 1.29305538e+010
 1.07734777e+010
 9.79359671e+009
 8.58208936e+009
 7.86924738e+009
 6.59326390e+009
 5.90019717e+009
 5.04150610e+009
 4.66440357e+009
 4.44074470e+009
 4.30493034e+009
 3.99989816e+009
 3.90820174e+009
 3.60914976e+009
 3.28703146e+009
 3.12185155e+009
 3.03879619e+009
 3.02912577e+009
 2.97434381e+009
 2.94297847e+009
 2.71292585e+009
 2.71768898e+009
 2.65536662e+009
 2.62731602e+009
 2.50483718e+009
 2.51711728e+009
 2.56008545e+009
 2.57252557e+009
 2.50034305e+009
 2.57574721e+009
 2.57277361e+009
 2.40593751e+009
 2.39730740e+009
 2.52762716e+009
 2.53686211e+009
 2.53211523e+009
 2.55045303e+009
 2.59501217e+009
 2.50805130e+009
 2.43916471e+009
 2.40540906e+009
 2.36641536e+009
 2.36950486e+009
 2.43451941e+009
 2.35497806e+009
 2.35473515e+009
 2.29806590e+009
 2.23303617e+009
 2.24192137e+009
 2.28753655e+009
 2.19375440e+009
 2.15778550e+009
 2.17568626e+009
 2.14867443e+009
 2.14665837e+009
 2.15191126e+009
 2.18015183e+009
 2.23501609e+009
 2.28726445e+009
 2.33471465e+009
 2.38594661e+009
 2.39240917e+009
 2.39129070e+009
 2.37290345e+009
 2.31297347e+009
 2.22672439e+009
 2.18928009e+009
 2.17979021e+009
 2.18782682e+009
 2.23227693e+009
 2.17894645e+009
 2.16462578e+009
 2.23367880e+009
 2.29360900e+009
 2.30216613e+009
 2.33104011e+009
 2.15693299e+009
 2.15611724e+009
 2.16558047e+009
 2.15541606e+009
 2.16526864e+009
 2.15489417e+009
 2.20110736e+009
 2.21648869e+009
 2.22577814e+009
 2.20829856e+009
 2.17682841e+009
 2.20296948e+009
 2.23605789e+009
 2.26677526e+009
 2.28425026e+009
 2.36311886e+009
 2.39086264e+009
 2.22192559e+009
 2.20602090e+009
 2.23325346e+009
 2.20295730e+009
 2.24759777e+009
 2.26032021e+009
 2.22926431e+009
 2.14031619e+009
 2.12243901e+009
 2.07273885e+009
 2.08479057e+009
 2.05458842e+009
 2.06233362e+009
 2.05667299e+009
 2.05404644e+009
 2.05169923e+009
 2.05838960e+009
 2.07436525e+009
 2.05089159e+009
 2.04578255e+009
 2.05784875e+009
 2.06153464e+009
 2.06306786e+009
 2.06014098e+009
 2.07205526e+009
 2.06461455e+009
 2.07647923e+009
 2.10499426e+009
 2.10891522e+009
 2.14984353e+009
 2.14001672e+009
 2.14039344e+009
 2.17155096e+009
 2.14770929e+009
 2.11610225e+009
 2.13555558e+009
 2.11258085e+009
 2.15553151e+009
 2.14962704e+009
 2.11228565e+009
 2.07531888e+009
 2.08180754e+009
 2.08321089e+009
 2.06939424e+009
 2.06413762e+009
 2.07615694e+009
 2.07636179e+009
 2.07125249e+009
 2.10409412e+009
 2.09038343e+009
 2.12284769e+009
 2.11692305e+009
 2.11703947e+009
 2.12018525e+009
 2.11521531e+009
 2.10999118e+009
 2.12161317e+009
 2.12119785e+009
 2.12721526e+009
 2.11879989e+009
 2.12366335e+009
 2.13909674e+009
 2.08341953e+009
 2.07960482e+009
 2.09131600e+009
 2.08129226e+009
 2.08392446e+009
 2.09860382e+009
 2.11687307e+009
 2.08301913e+009
 2.08647130e+009
 2.08273424e+009
 2.08483037e+009
 2.11711948e+009
 2.14258385e+009
 2.11831337e+009
 2.12229713e+009
 2.16547712e+009
 2.14030328e+009
 2.16144860e+009
 2.19554526e+009
 2.18261801e+009
 2.13022254e+009
 2.08198184e+009
 2.07907275e+009
 2.08072387e+009
 2.07610161e+009
 2.08751521e+009
 2.09210034e+009
 2.10320780e+009
 2.08211072e+009
 2.09898707e+009
 2.08616506e+009
 2.06699549e+009
 2.06842018e+009
 2.05787881e+009
 2.06111053e+009
 2.06198544e+009
 2.06556474e+009
 2.09146474e+009
 2.08797276e+009
 2.07989683e+009
 2.09343665e+009
 2.09696799e+009
 2.14409901e+009
 2.12911074e+009
 2.15816582e+009
 2.15319235e+009
 2.15974415e+009
 2.15870644e+009
 2.17657820e+009
 2.14072285e+009
 2.13533501e+009
 2.08516826e+009
 2.11884869e+009
 2.12199654e+009
 2.12024772e+009
 2.11469346e+009
 2.11766842e+009
 2.11151425e+009
 2.20014079e+009
 2.15682685e+009
 2.15419862e+009
 2.12725986e+009
 2.12323363e+009
 2.08488250e+009
 2.07053320e+009
 2.06069415e+009
 2.06389768e+009
 2.12209271e+009
 2.09809054e+009
 2.06460105e+009
 2.04599953e+009
 2.04811557e+009
 2.05383186e+009
 2.04799412e+009
 2.05706312e+009
 2.05317136e+009
 2.06475704e+009
 2.09063817e+009
 2.07942971e+009
 2.06019793e+009
 2.05526012e+009
 2.06417228e+009
 2.05949633e+009
 2.04836971e+009
 2.05399866e+009
 2.06177929e+009
 2.05316378e+009
 2.05298294e+009
 2.06678880e+009
 2.07210623e+009
 2.07352320e+009
 2.07641836e+009
 2.09757386e+009
 2.06332807e+009
 2.06306919e+009
 2.06171553e+009
 2.05728254e+009
 2.05881487e+009
 2.07975998e+009
 2.12039559e+009
 2.10395205e+009
 2.09317976e+009
 2.10328971e+009
 2.10805523e+009
 2.10810128e+009
 2.09690303e+009
 2.06661696e+009
 2.07553784e+009
 2.08409896e+009
 2.08202640e+009
 2.08860892e+009
 2.09743579e+009
 2.08797128e+009
 2.10911739e+009
 2.11715806e+009
 2.07030825e+009
 2.06726430e+009
 2.06702189e+009
 2.05954246e+009
 2.10008394e+009
 2.08381395e+009
 2.06414469e+009
 2.06918904e+009
 2.05831762e+009
 2.07130810e+009
 2.07053189e+009
 2.07511267e+009
 2.06098024e+009
 2.09343033e+009
 2.21573491e+009
 2.14337219e+009
 2.16408862e+009
 2.18362901e+009
 2.14153677e+009
 2.15644176e+009
 2.14896927e+009
 2.07761292e+009
 2.06057386e+009
 2.04624500e+009
 2.06911653e+009
 2.08733903e+009
 2.10392356e+009
 2.09353465e+009
 2.11129385e+009
 2.11305466e+009
 2.15094449e+009
 2.11351148e+009
 2.10380990e+009
 2.07863628e+009
 2.06449402e+009
 2.05589995e+009
 2.07315007e+009
 2.06585769e+009
 2.04716169e+009
 2.05985652e+009
 2.04579869e+009
 2.04722489e+009
 2.05265077e+009
 2.05389075e+009
 2.05872242e+009
 2.06028623e+009
 2.06418257e+009
 2.07457868e+009
 2.06389394e+009
 2.05733797e+009
 2.05584796e+009
 2.05347446e+009
 2.05919972e+009
 2.06384029e+009
 2.08701184e+009
 2.06982097e+009
 2.05918108e+009
 2.06956126e+009
 2.08625949e+009
 2.09068549e+009
 2.08752510e+009
 2.10129845e+009
 2.07454170e+009
 2.09256454e+009
 2.10639524e+009
 2.11361548e+009
 2.09581448e+009
 2.08684058e+009
 2.10498019e+009
 2.10440449e+009
 2.09710317e+009
 2.09759471e+009
 2.10923675e+009
 2.09311552e+009
 2.05797673e+009
 2.04941432e+009
 2.05415498e+009
 2.06529205e+009
 2.07010083e+009
 2.05442101e+009
 2.05050402e+009
 2.06404920e+009
 2.07363389e+009
 2.10524395e+009
 2.11119184e+009
 2.07784502e+009
 2.05605762e+009
 2.05950208e+009
 2.07677227e+009
 2.06498132e+009
 2.07547090e+009
 2.08167088e+009
 2.09437500e+009
 2.06781888e+009
 2.06708730e+009
 2.06253503e+009
 2.06228819e+009
 2.04820780e+009
 2.04922506e+009
 2.04359326e+009
 2.06267778e+009
 2.07836500e+009
 2.10462670e+009
 2.09066900e+009
 2.17396014e+009
 2.13164972e+009
 2.15869910e+009
 2.10677517e+009
 2.05361226e+009
 2.05003456e+009
 2.06276860e+009
 2.08167534e+009
 2.08073283e+009
 2.11642127e+009
 2.13596038e+009
 2.08496550e+009
 2.07756405e+009
 2.07108026e+009
 2.10009918e+009
 2.10880277e+009
 2.09847254e+009
 2.08052510e+009
 2.09082566e+009
 2.09235706e+009
 2.07570474e+009
 2.10084461e+009
 2.07024232e+009
 2.06864471e+009
 2.09504141e+009
 2.09514287e+009
 2.05071369e+009
 2.05101910e+009
 2.05372640e+009
 2.07133623e+009
 2.07716867e+009
 2.08948689e+009
 2.08815500e+009
 2.20464871e+009
 2.16825697e+009
 2.17475385e+009
 2.10903085e+009
 2.05762438e+009
 2.07521218e+009
 2.07785563e+009
 2.06729269e+009
 2.06228015e+009
 2.14383336e+009
 2.15726529e+009
 2.13001631e+009
 2.15618460e+009
 2.16742283e+009
 2.15960291e+009
 2.16152439e+009
 2.19567598e+009
 2.04840252e+009
 2.05474151e+009
 2.06752065e+009
 2.06629532e+009
 2.08412513e+009
 2.09500814e+009
 2.08343949e+009
 2.08441212e+009
 2.07731713e+009
 2.04688431e+009
 2.04957942e+009
 2.04853069e+009
 2.05401119e+009
 2.05925056e+009
 2.06963415e+009
 2.08057138e+009
 2.07329179e+009
 2.05759094e+009
 2.05330059e+009
 2.05701425e+009
 2.05916380e+009
 2.06534926e+009
 2.06173287e+009
 2.09553225e+009
 2.08764568e+009
 2.09210704e+009
 2.08672820e+009
 2.10972451e+009
 2.07924085e+009
 2.07401036e+009
 2.09316916e+009
 2.08195240e+009
 2.04660215e+009
 2.05411724e+009
 2.05310929e+009
 2.05342887e+009
 2.07636450e+009
 2.09577913e+009
 2.09726097e+009
 2.12354029e+009
 2.15312135e+009
 2.14650960e+009
 2.12388619e+009
 2.11239302e+009
 2.12513936e+009
 2.08265962e+009
 2.05872065e+009
 2.05660060e+009
 2.04414681e+009
 2.04412678e+009
 2.07555004e+009
 2.08176754e+009
 2.07570504e+009
 2.11077052e+009
 2.12037582e+009
 2.13270759e+009
 2.12365905e+009
 2.07942366e+009
 2.07031956e+009
 2.08017126e+009
 2.07930649e+009
 2.05655318e+009
 2.06135587e+009
 2.06464482e+009
 2.05781629e+009
 2.07831746e+009
 2.07974356e+009
 2.06573876e+009
 2.10170300e+009
 2.11451186e+009
 2.09852092e+009
 2.08617824e+009
 2.07101110e+009
 2.04865905e+009
 2.05086006e+009
 2.04524999e+009
 2.04505521e+009
 2.05141307e+009
 2.05114685e+009
 2.04709833e+009
 2.05257367e+009
 2.06228193e+009
 2.09935173e+009
 2.09185585e+009
 2.11756311e+009
 2.04835023e+009
 2.07826235e+009
 2.08566118e+009
 2.11730261e+009
 2.11149012e+009
 2.12619964e+009
 2.06457300e+009
 2.06337554e+009
 2.05977557e+009
 2.06601976e+009
 2.08249889e+009
 2.08129400e+009
 2.05169202e+009
 2.08938572e+009
 2.07953354e+009
 2.10200161e+009
 2.12673397e+009
 2.08253396e+009
 2.05334970e+009
 2.04592222e+009
 2.04457660e+009
 2.07586840e+009
 2.09227792e+009
 2.08971176e+009
 2.10741939e+009
 2.07873892e+009
 2.07350731e+009
 2.08157156e+009
 2.08828103e+009
 2.08177515e+009
 2.07541288e+009
 2.08706865e+009
 2.06389026e+009
 2.07870642e+009
 2.12597727e+009
 2.08634443e+009
 2.10131559e+009
 2.09103202e+009
 2.08086500e+009
 2.14291833e+009
 2.15183848e+009
 2.18205882e+009
 2.12135619e+009
 2.17066587e+009
 2.15543073e+009
 2.12647318e+009
 2.18736240e+009
 2.16028730e+009
 2.16344737e+009
 2.14928329e+009
 2.14133099e+009
 2.15107453e+009
 2.14187574e+009
 2.07735548e+009
 2.07226539e+009
 2.08272392e+009
 2.11402918e+009
 2.20190933e+009
 2.22666194e+009
 2.20398418e+009
 2.07936847e+009
 2.07517307e+009
 2.07040488e+009
 2.05126294e+009
 2.07217445e+009
 2.11151359e+009
 2.11616464e+009
 2.12271183e+009
 2.11383494e+009
 2.08649199e+009
 2.06654968e+009
 2.09130403e+009
 2.07206380e+009
 2.07013217e+009
 2.11512790e+009
 2.16263639e+009
 2.14968790e+009
 2.12120487e+009
 2.14316269e+009
 2.14440047e+009
 2.15373652e+009
 2.11721458e+009
 2.08594123e+009
 2.12638316e+009
 2.10587150e+009
 2.08608293e+009
 2.10427539e+009
 2.08502838e+009
 2.14269792e+009
 2.13939619e+009
 2.13071179e+009
 2.11090513e+009
 2.09834459e+009
 2.13107755e+009
 2.11111244e+009
 2.11556664e+009
 2.09071660e+009
 2.07431161e+009
 2.10321931e+009
 2.12933726e+009
 2.12034829e+009
 2.09226959e+009
 2.08228991e+009
 2.10011561e+009
 2.10147972e+009
 2.08182401e+009
 2.07482438e+009
 2.10525598e+009
 2.09350627e+009
 2.05309501e+009
 2.04809564e+009
 2.04847929e+009
 2.04983524e+009
 2.05238323e+009
 2.05242393e+009
 2.06568406e+009
 2.06240085e+009
 2.06777128e+009
 2.07188718e+009
 2.09729731e+009
 2.07767687e+009
 2.11958497e+009
 2.08584209e+009
 2.07311592e+009
 2.08718483e+009
 2.09281682e+009
 2.09450374e+009
 2.08674603e+009
 2.08494348e+009
 2.18239411e+009
 2.17409382e+009
 2.19844418e+009
 2.14147835e+009
 2.07670913e+009
 2.07769403e+009
 2.05396705e+009
 2.06273952e+009
 2.08126440e+009
 2.08969101e+009
 2.06781563e+009
 2.05028717e+009
 2.05795558e+009
 2.04549894e+009
 2.04663834e+009
 2.06582293e+009
 2.06484865e+009
 2.07279224e+009
 2.09217487e+009
 2.07990355e+009
 2.08362576e+009
 2.07710247e+009
 2.10588611e+009
 2.11121494e+009
 2.08625182e+009
 2.08510123e+009
 2.06162074e+009
 2.04670436e+009
 2.04681758e+009
 2.04932972e+009
 2.08304612e+009
 2.06728348e+009
 2.06233137e+009
 2.05548420e+009
 2.04872436e+009
 2.05874460e+009
 2.08551972e+009
 2.09460303e+009
 2.05861146e+009
 2.05376424e+009
 2.04404478e+009
 2.04365242e+009
 2.06068219e+009
 2.06910780e+009
 2.05876444e+009
 2.06887768e+009
 2.06298717e+009
 2.06579874e+009
 2.05027520e+009
 2.04749896e+009
 2.04755927e+009
 2.04796668e+009
 2.04963104e+009
 2.05129953e+009
 2.04933265e+009
 2.08620200e+009
 2.13137338e+009
 2.12456124e+009
 2.07449194e+009
 2.05960699e+009
 2.07640664e+009
 2.06701039e+009
 2.05706631e+009
 2.06782329e+009
 2.07670807e+009
 2.05799466e+009
 2.08719498e+009
 2.13030733e+009
 2.14532434e+009
 2.17224717e+009
 2.18880682e+009
 2.11761422e+009
 2.09844074e+009
 2.06879218e+009
 2.06475836e+009
 2.06448053e+009
 2.06512940e+009
 2.05130845e+009
 2.10107306e+009
 2.13871364e+009
 2.16074724e+009
 2.14661073e+009
 2.08476246e+009
 2.12878071e+009
 2.12801344e+009
 2.09890906e+009
 2.09509569e+009
 2.12528679e+009
 2.09314337e+009
 2.10153836e+009
 2.13567681e+009
 2.12920594e+009
 2.12911275e+009
 2.10971613e+009
 2.13758994e+009
 2.16536310e+009
 2.17796950e+009
 2.14951867e+009
 2.18418148e+009
 2.10154920e+009
 2.08041607e+009
 2.07044557e+009
 2.05981719e+009
 2.05993668e+009
 2.07076277e+009
 2.09677247e+009
 2.06531657e+009
 2.09401284e+009
 2.07817314e+009
 2.07354796e+009
 2.08575828e+009
 2.07447163e+009
 2.06959580e+009
 2.12449652e+009
 2.13199625e+009
 2.13641556e+009
 2.08258782e+009
 2.07404097e+009
 2.07019371e+009
 2.08029107e+009
 2.07932647e+009
 2.10387054e+009
 2.09793884e+009
 2.11224671e+009
 2.08518661e+009
 2.06535165e+009
 2.07107976e+009
 2.06686079e+009
 2.06909180e+009
 2.06899001e+009
 2.05971318e+009
 2.06098107e+009
 2.07496955e+009
 2.12264046e+009
 2.10135400e+009
 2.09594574e+009
 2.08198737e+009
 2.09592292e+009
 2.10806369e+009
 2.11184283e+009
 2.11095449e+009
 2.13403645e+009
 2.14024334e+009
 2.13633800e+009
 2.14894822e+009
 2.18110668e+009
 2.09430464e+009
 2.12289467e+009
 2.12987044e+009
 2.06794087e+009
 2.06945414e+009
 2.09647144e+009
 2.09695495e+009
 2.05940768e+009
 2.08046050e+009
 2.06744457e+009
 2.06895125e+009
 2.06398071e+009
 2.06832786e+009
 2.07101186e+009
 2.07052584e+009
 2.05075072e+009
 2.04992211e+009
 2.08280993e+009
 2.07522320e+009
 2.10811967e+009
 2.06789058e+009
 2.07402882e+009
 2.06445238e+009
 2.06391851e+009
 2.11350006e+009
 2.09927671e+009
 2.09527140e+009
 2.10078782e+009
 2.07539098e+009
 2.10357713e+009
 2.15317876e+009
 2.16694856e+009
 2.15491180e+009
 2.18586282e+009
 2.20200252e+009
 2.10728137e+009
 2.09546793e+009
 2.11276899e+009
 2.11922628e+009
 2.11437278e+009
 2.15258756e+009
 2.16823300e+009
 2.13151845e+009
 2.09726816e+009
 2.08583456e+009
 2.08647841e+009
 2.08846016e+009
 2.12180594e+009
 2.13626906e+009
 2.14756844e+009
 2.12303632e+009
 2.09508230e+009
 2.12770760e+009
 2.11646993e+009
 2.09234735e+009
 2.12586455e+009
 2.12326108e+009
 2.17492187e+009
 2.23752065e+009
 2.24888320e+009
 2.25962671e+009
 2.22567038e+009
 2.23394357e+009
 2.17859833e+009
 2.16120873e+009
 2.14498319e+009
 2.17158775e+009
 2.13044610e+009
 2.14104321e+009
 2.16492203e+009
 2.19218231e+009
 2.12397353e+009
 2.16426472e+009
 2.16394956e+009
 2.17720694e+009
 2.23327030e+009
 2.14424963e+009
 2.14734610e+009
 2.15055860e+009
 2.13596008e+009
 2.10635395e+009
 2.10188854e+009
 2.13418666e+009
 2.17561335e+009
 2.13976989e+009
 2.16315838e+009
 2.11090037e+009
 2.10845523e+009
 2.12709608e+009
 2.12322411e+009
 2.12446579e+009
 2.12547944e+009
 2.09442749e+009
 2.08023790e+009
 2.09415837e+009
 2.08620302e+009
 2.08532508e+009
 2.08417904e+009
 2.07756366e+009
 2.06398105e+009
 2.05720751e+009
 2.07206275e+009
 2.06526593e+009
 2.06410250e+009
 2.06038972e+009
 2.08964671e+009
 2.06028588e+009
 2.06426662e+009
 2.05816195e+009
 2.05106895e+009
 2.05106051e+009
 2.05348022e+009
 2.07639700e+009
 2.05551230e+009
 2.06063596e+009
 2.07359956e+009
 2.08098212e+009
 2.08669508e+009
 2.09310190e+009
 2.09636612e+009
 2.05357613e+009
 2.06421553e+009
 2.06758922e+009
 2.06017907e+009
 2.05718300e+009
 2.07172354e+009
 2.12687827e+009
 2.12126479e+009
 2.16225719e+009
 2.20904075e+009
 2.16726060e+009
 2.25069670e+009
 2.23101311e+009
 2.06864832e+009
 2.05177403e+009
 2.05921606e+009
 2.12487678e+009
 2.12912359e+009
 2.10887698e+009
 2.13146100e+009
 2.16297953e+009
 2.17301348e+009
 2.07449816e+009
 2.06822460e+009
 2.07152535e+009
 2.06404706e+009
 2.09842722e+009
 2.07007535e+009
 2.07061320e+009
 2.05819299e+009
 2.06273729e+009
 2.06257395e+009
 2.14982512e+009
 2.11038082e+009
 2.14868119e+009
 2.14418460e+009
 2.11078007e+009
 2.11896886e+009
 2.11255292e+009
 2.16811829e+009
 2.16969026e+009
 2.13095982e+009
 2.08294809e+009
 2.07343020e+009
 2.06618671e+009
 2.10348726e+009
 2.10614258e+009
 2.10223910e+009
 2.14701321e+009
 2.20580976e+009
 2.14512812e+009
 2.14036534e+009
 2.14252857e+009
 2.10778321e+009
 2.09391746e+009
 2.05786603e+009
 2.05992440e+009
 2.06523110e+009
 2.05005407e+009
 2.05889106e+009
 2.07042146e+009
 2.10633971e+009
 2.08745580e+009
 2.11352006e+009
 2.11594429e+009
 2.10568119e+009
 2.11358401e+009
 2.11857744e+009
 2.13344233e+009
 2.10806973e+009
 2.07605250e+009
 2.06536911e+009
 2.05619128e+009
 2.09566391e+009
 2.07772573e+009
 2.11742742e+009
 2.11089245e+009
 2.04763167e+009
 2.04779677e+009
 2.04617053e+009
 2.04847758e+009
 2.06354132e+009
 2.04359326e+009
