 6.34325950e+010
 5.48417927e+010
 5.34470498e+010
 5.16745975e+010
 5.00103200e+010
 4.65745050e+010
 4.46636817e+010
 4.33710193e+010
 4.13568685e+010
 4.00735591e+010
 3.85409921e+010
 3.77117603e+010
 3.59408179e+010
 3.43972710e+010
 3.28856756e+010
 3.18653322e+010
 3.11724578e+010
 3.04359598e+010
 2.92706653e+010
 2.77284537e+010
 2.55058101e+010
 2.42559073e+010
 2.35205410e+010
 2.29787910e+010
 2.25310913e+010
 2.11261817e+010
 1.91176486e+010
 1.89272995e+010
 1.83238615e+010
 1.79494902e+010
 1.77354492e+010
 1.73309244e+010
 1.59624437e+010
 1.49330527e+010
 1.46956746e+010
 1.45246430e+010
 1.39375826e+010
 1.38683786e+010
 1.29071294e+010
 1.20170816e+010
 1.17761049e+010
 1.09920243e+010
 1.06639744e+010
 1.01614214e+010
 9.60551653e+009
 9.25521410e+009
 8.75170432e+009
 8.57196984e+009
 8.57333337e+009
 7.79266561e+009
 7.50294397e+009
 7.24357168e+009
 7.00614126e+009
 6.87093586e+009
 6.43651823e+009
 6.12300297e+009
 6.02241019e+009
 5.60496798e+009
 5.58232814e+009
 5.23672115e+009
 5.23325260e+009
 5.04958541e+009
 4.85141860e+009
 4.82157188e+009
 4.51013493e+009
 4.33420803e+009
 4.28948443e+009
 4.31925448e+009
 4.29983610e+009
 4.16492604e+009
 4.01745151e+009
 3.73442972e+009
 3.56537598e+009
 3.44795910e+009
 3.37290305e+009
 3.42458212e+009
 3.42373819e+009
 3.48364959e+009
 3.48974032e+009
 3.43301627e+009
 3.48676482e+009
 3.44288071e+009
 3.42644474e+009
 3.27577423e+009
 3.26161390e+009
 3.20603404e+009
 3.06462186e+009
 3.02642452e+009
 3.00437769e+009
 3.00742844e+009
 2.88094493e+009
 2.88189658e+009
 2.85961307e+009
 2.86316897e+009
 2.85665993e+009
 2.86604807e+009
 2.87887744e+009
 2.82674469e+009
 2.72885166e+009
 2.71618912e+009
 2.57272249e+009
 2.48727589e+009
 2.32034680e+009
 2.29116455e+009
 2.28630837e+009
 2.24940525e+009
 2.20119528e+009
 2.18198244e+009
 2.15758495e+009
 2.15768290e+009
 2.16546739e+009
 2.16921171e+009
 2.16806080e+009
 2.16191053e+009
 2.17031641e+009
 2.13870832e+009
 2.14639488e+009
 2.14645178e+009
 2.16530698e+009
 2.13981721e+009
 2.14001157e+009
 2.13741360e+009
 2.13750612e+009
 2.13901871e+009
 2.14076104e+009
 2.14317749e+009
 2.14402083e+009
 2.10785094e+009
 2.10243303e+009
 2.11150367e+009
 2.10159334e+009
 2.10112227e+009
 2.08386205e+009
 2.09558478e+009
 2.09115110e+009
 2.09346451e+009
 2.09858723e+009
 2.09648352e+009
 2.09807496e+009
 2.09634529e+009
 2.10227315e+009
 2.08499801e+009
 2.07916864e+009
 2.08465204e+009
 2.09092401e+009
 2.10349329e+009
 2.11292693e+009
 2.12445897e+009
 2.12592298e+009
 2.10404366e+009
 2.11362040e+009
 2.11292519e+009
 2.12351609e+009
 2.15540001e+009
 2.14400668e+009
 2.13691332e+009
 2.12957052e+009
 2.12453440e+009
 2.13866234e+009
 2.12274448e+009
 2.09338332e+009
 2.09453167e+009
 2.08188338e+009
 2.07676837e+009
 2.07698615e+009
 2.06911262e+009
 2.06327212e+009
 2.06765925e+009
 2.06696621e+009
 2.07849438e+009
 2.06324656e+009
 2.05839393e+009
 2.05512848e+009
 2.05576079e+009
 2.05328963e+009
 2.05044581e+009
 2.04447175e+009
 2.05213751e+009
 2.05179813e+009
 2.05130663e+009
 2.05841486e+009
 2.06574147e+009
 2.05782812e+009
 2.05327924e+009
 2.05282019e+009
 2.05936535e+009
 2.07224449e+009
 2.07039342e+009
 2.07850911e+009
 2.10228425e+009
 2.09762023e+009
 2.09083986e+009
 2.15373672e+009
 2.14452990e+009
 2.11532292e+009
 2.13870496e+009
 2.21770926e+009
 2.08777532e+009
 2.07050492e+009
 2.12037872e+009
 2.12386483e+009
 2.11451068e+009
 2.11494784e+009
 2.09477741e+009
 2.08383122e+009
 2.08227070e+009
 2.08707543e+009
 2.09434459e+009
 2.09461144e+009
 2.09016426e+009
 2.08679223e+009
 2.07696503e+009
 2.08138930e+009
 2.08601429e+009
 2.08560424e+009
 2.08677459e+009
 2.08629655e+009
 2.09368806e+009
 2.09871338e+009
 2.09248039e+009
 2.09776623e+009
 2.09816810e+009
 2.09555537e+009
 2.10526625e+009
 2.05991096e+009
 2.05910844e+009
 2.06949757e+009
 2.06818380e+009
 2.07514218e+009
 2.06969476e+009
 2.07583157e+009
 2.07351995e+009
 2.08537290e+009
 2.08363254e+009
 2.05917011e+009
 2.06460086e+009
 2.06280565e+009
 2.07184407e+009
 2.08251662e+009
 2.08187793e+009
 2.06362315e+009
 2.05550776e+009
 2.05226695e+009
 2.05409738e+009
 2.06015944e+009
 2.05480154e+009
 2.05122312e+009
 2.05464075e+009
 2.05671872e+009
 2.05627949e+009
 2.05141736e+009
 2.05652336e+009
 2.06046955e+009
 2.07597128e+009
 2.07567308e+009
 2.07408564e+009
 2.07385267e+009
 2.08186615e+009
 2.09921909e+009
 2.09998237e+009
 2.11183505e+009
 2.13072158e+009
 2.11269403e+009
 2.08747250e+009
 2.09594207e+009
 2.10365938e+009
 2.10055045e+009
 2.11246575e+009
 2.12765335e+009
 2.13188261e+009
 2.13804615e+009
 2.09693834e+009
 2.10278988e+009
 2.10596100e+009
 2.11504432e+009
 2.09246297e+009
 2.06367771e+009
 2.05179211e+009
 2.06291119e+009
 2.06281686e+009
 2.06483901e+009
 2.06347722e+009
 2.07270524e+009
 2.08907129e+009
 2.10680843e+009
 2.10728945e+009
 2.11042473e+009
 2.11915581e+009
 2.12097360e+009
 2.12300186e+009
 2.10765028e+009
 2.08226700e+009
 2.07043099e+009
 2.06543889e+009
 2.05112990e+009
 2.08285172e+009
 2.08636958e+009
 2.08519833e+009
 2.10523200e+009
 2.09140196e+009
 2.11148807e+009
 2.11115259e+009
 2.07486258e+009
 2.08178643e+009
 2.07346478e+009
 2.06966306e+009
 2.08022680e+009
 2.07051029e+009
 2.06758781e+009
 2.06653399e+009
 2.06580535e+009
 2.08793881e+009
 2.09563544e+009
 2.08954678e+009
 2.07553371e+009
 2.07230827e+009
 2.06435674e+009
 2.05692050e+009
 2.05556568e+009
 2.05436934e+009
 2.05542098e+009
 2.05205034e+009
 2.05377609e+009
 2.06473620e+009
 2.06807426e+009
 2.06388581e+009
 2.07574048e+009
 2.07995676e+009
 2.08432045e+009
 2.08703830e+009
 2.06150478e+009
 2.06525401e+009
 2.06092204e+009
 2.05723777e+009
 2.05346413e+009
 2.06680236e+009
 2.06694438e+009
 2.07632901e+009
 2.09398646e+009
 2.09709935e+009
 2.12774434e+009
 2.13922292e+009
 2.13816348e+009
 2.12648275e+009
 2.12642808e+009
 2.12090099e+009
 2.12152457e+009
 2.12567502e+009
 2.12578300e+009
 2.13131713e+009
 2.12095538e+009
 2.12449259e+009
 2.19849077e+009
 2.21138685e+009
 2.16351740e+009
 2.15738931e+009
 2.18804747e+009
 2.22275085e+009
 2.25519272e+009
 2.28830132e+009
 2.27063858e+009
 2.27951497e+009
 2.29019523e+009
 2.24308713e+009
 2.33767754e+009
 2.28716891e+009
 2.29813005e+009
 2.26155801e+009
 2.19726624e+009
 2.18797579e+009
 2.18616014e+009
 2.14142315e+009
 2.13857372e+009
 2.14356050e+009
 2.13704614e+009
 2.06954954e+009
 2.07160956e+009
 2.06982670e+009
 2.07644071e+009
 2.07641800e+009
 2.07976499e+009
 2.06713568e+009
 2.06007298e+009
 2.06223597e+009
 2.06264558e+009
 2.05913665e+009
 2.05727163e+009
 2.05993073e+009
 2.06146192e+009
 2.06050959e+009
 2.06311371e+009
 2.06350207e+009
 2.06781209e+009
 2.06794242e+009
 2.08127325e+009
 2.08014304e+009
 2.08006784e+009
 2.06746030e+009
 2.06020762e+009
 2.05785803e+009
 2.05582265e+009
 2.05587702e+009
 2.06623424e+009
 2.05985230e+009
 2.06005976e+009
 2.06317091e+009
 2.06888566e+009
 2.07002269e+009
 2.07970688e+009
 2.08334463e+009
 2.13115367e+009
 2.13217499e+009
 2.13627743e+009
 2.19351408e+009
 2.13582538e+009
 2.13750428e+009
 2.14019627e+009
 2.09419364e+009
 2.09777015e+009
 2.05495123e+009
 2.05638254e+009
 2.04750320e+009
 2.05069969e+009
 2.04727993e+009
 2.05214809e+009
 2.04849597e+009
 2.04522481e+009
 2.06300985e+009
 2.06377769e+009
 2.05473508e+009
 2.04563398e+009
 2.04654661e+009
 2.04857805e+009
 2.07472225e+009
 2.08429047e+009
 2.08697083e+009
 2.09183431e+009
 2.10202989e+009
 2.09496459e+009
 2.09154019e+009
 2.08416360e+009
 2.07698120e+009
 2.07683902e+009
 2.05991004e+009
 2.05972073e+009
 2.05801095e+009
 2.06007923e+009
 2.06546057e+009
 2.08206394e+009
 2.08492268e+009
 2.07806075e+009
 2.07950283e+009
 2.10277559e+009
 2.09410816e+009
 2.07794924e+009
 2.07169249e+009
 2.05731301e+009
 2.08950305e+009
 2.09925283e+009
 2.08489708e+009
 2.09616694e+009
 2.08875021e+009
 2.08205163e+009
 2.07942870e+009
 2.07765645e+009
 2.09840480e+009
 2.08938237e+009
 2.08993323e+009
 2.07526677e+009
 2.06980377e+009
 2.07517389e+009
 2.07471877e+009
 2.07727267e+009
 2.06830559e+009
 2.05863919e+009
 2.06396955e+009
 2.07253783e+009
 2.07827782e+009
 2.05785809e+009
 2.05465889e+009
 2.05422308e+009
 2.05792632e+009
 2.06572785e+009
 2.06754432e+009
 2.07378831e+009
 2.06215406e+009
 2.06658283e+009
 2.06167356e+009
 2.07439423e+009
 2.07346237e+009
 2.05587028e+009
 2.05683059e+009
 2.05581217e+009
 2.05341127e+009
 2.05860049e+009
 2.05658250e+009
 2.05510846e+009
 2.05377429e+009
 2.06495563e+009
 2.05190819e+009
 2.05172171e+009
 2.06554473e+009
 2.06574228e+009
 2.08229835e+009
 2.09350261e+009
 2.07408278e+009
 2.06927911e+009
 2.06761163e+009
 2.06623532e+009
 2.07520519e+009
 2.07255481e+009
 2.07952890e+009
 2.04895949e+009
 2.06166649e+009
 2.06158035e+009
 2.05202308e+009
 2.06854326e+009
 2.04725442e+009
 2.04940102e+009
 2.05810999e+009
 2.04384934e+009
 2.05581165e+009
 2.06046556e+009
 2.06709412e+009
 2.07570000e+009
 2.07538013e+009
 2.08158821e+009
 2.08152957e+009
 2.09910112e+009
 2.09824152e+009
 2.11284429e+009
 2.10275526e+009
 2.08694803e+009
 2.07756976e+009
 2.08376181e+009
 2.07522524e+009
 2.08039311e+009
 2.07449082e+009
 2.06990706e+009
 2.08319602e+009
 2.07784825e+009
 2.08342377e+009
 2.09700016e+009
 2.07645830e+009
 2.06124386e+009
 2.06104202e+009
 2.06027302e+009
 2.06646462e+009
 2.06997655e+009
 2.08509661e+009
 2.07453100e+009
 2.08836239e+009
 2.08753006e+009
 2.10895895e+009
 2.10136745e+009
 2.07691910e+009
 2.08191589e+009
 2.07609450e+009
 2.07558957e+009
 2.07923093e+009
 2.07157357e+009
 2.06402671e+009
 2.07829251e+009
 2.07754943e+009
 2.09588427e+009
 2.09789116e+009
 2.10411887e+009
 2.09203581e+009
 2.10175654e+009
 2.12516366e+009
 2.11080343e+009
 2.13423624e+009
 2.13106363e+009
 2.11882123e+009
 2.11466192e+009
 2.11191872e+009
 2.10776652e+009
 2.09750417e+009
 2.05861520e+009
 2.05367865e+009
 2.06033437e+009
 2.05786947e+009
 2.07630048e+009
 2.08004537e+009
 2.07913798e+009
 2.07870402e+009
 2.09955052e+009
 2.09730685e+009
 2.10074328e+009
 2.10943752e+009
 2.13399037e+009
 2.13400854e+009
 2.14427787e+009
 2.14163688e+009
 2.12520446e+009
 2.13048437e+009
 2.14208010e+009
 2.15484863e+009
 2.14086512e+009
 2.14839691e+009
 2.13888492e+009
 2.13086594e+009
 2.12532293e+009
 2.10932541e+009
 2.08375915e+009
 2.08350120e+009
 2.08590557e+009
 2.07723954e+009
 2.07556438e+009
 2.10434022e+009
 2.08605692e+009
 2.07677421e+009
 2.06789097e+009
 2.06639448e+009
 2.06649825e+009
 2.06411861e+009
 2.06466035e+009
 2.06148793e+009
 2.08769091e+009
 2.06534611e+009
 2.06899074e+009
 2.06879742e+009
 2.06861390e+009
 2.06579649e+009
 2.06144742e+009
 2.05761222e+009
 2.05645420e+009
 2.05609288e+009
 2.05531662e+009
 2.05696756e+009
 2.05727880e+009
 2.05540379e+009
 2.08788900e+009
 2.08757829e+009
 2.08813656e+009
 2.10692391e+009
 2.09191984e+009
 2.09179306e+009
 2.09114667e+009
 2.09093830e+009
 2.08280682e+009
 2.10284902e+009
 2.09372300e+009
 2.09360256e+009
 2.09365485e+009
 2.07058767e+009
 2.07336930e+009
 2.07587636e+009
 2.07278678e+009
 2.08026869e+009
 2.08100448e+009
 2.10717234e+009
 2.13177316e+009
 2.12893099e+009
 2.13231935e+009
 2.13778544e+009
 2.19973619e+009
 2.19330664e+009
 2.14877464e+009
 2.14129618e+009
 2.13572109e+009
 2.13735870e+009
 2.13603299e+009
 2.13715789e+009
 2.13700655e+009
 2.13622172e+009
 2.13876059e+009
 2.13885962e+009
 2.13760258e+009
 2.13665906e+009
 2.16528574e+009
 2.16170509e+009
 2.16211854e+009
 2.14849559e+009
 2.14839144e+009
 2.17860033e+009
 2.17729893e+009
 2.18046481e+009
 2.18115231e+009
 2.18084575e+009
 2.14082931e+009
 2.14125975e+009
 2.17073554e+009
 2.15299457e+009
 2.16739631e+009
 2.12612890e+009
 2.11187631e+009
 2.10240922e+009
 2.10244952e+009
 2.11397768e+009
 2.04999148e+009
 2.07425040e+009
 2.07139362e+009
 2.07393065e+009
 2.06855396e+009
 2.06367655e+009
 2.05975367e+009
 2.05035362e+009
 2.04879059e+009
 2.05772461e+009
 2.05778390e+009
 2.04822470e+009
 2.04953058e+009
 2.05157607e+009
 2.04970193e+009
 2.04447636e+009
 2.04815363e+009
 2.04943093e+009
 2.05633255e+009
 2.07545605e+009
 2.08315397e+009
 2.11130703e+009
 2.09298307e+009
 2.09362680e+009
 2.09351041e+009
 2.11703058e+009
 2.18332269e+009
 2.12316496e+009
 2.11696861e+009
 2.12043684e+009
 2.12610577e+009
 2.16097289e+009
 2.17190561e+009
 2.13539552e+009
 2.12030715e+009
 2.10917767e+009
 2.12921894e+009
 2.13539967e+009
 2.12854048e+009
 2.13601587e+009
 2.13065942e+009
 2.09493645e+009
 2.09133240e+009
 2.07260778e+009
 2.06403917e+009
 2.08145807e+009
 2.06749566e+009
 2.05517399e+009
 2.06186356e+009
 2.04917630e+009
 2.05191807e+009
 2.05254894e+009
 2.04969837e+009
 2.05363292e+009
 2.05580987e+009
 2.05672575e+009
 2.05525047e+009
 2.05329657e+009
 2.05156374e+009
 2.04930852e+009
 2.05862656e+009
 2.05053495e+009
 2.04993938e+009
 2.05365390e+009
 2.05383084e+009
 2.05550544e+009
 2.05043236e+009
 2.04898723e+009
 2.05139894e+009
 2.05341196e+009
 2.05055352e+009
 2.05047199e+009
 2.05048042e+009
 2.04695438e+009
 2.04942362e+009
 2.04948495e+009
 2.05102438e+009
 2.06402609e+009
 2.06058988e+009
 2.06233817e+009
 2.06052417e+009
 2.05142236e+009
 2.04898068e+009
 2.04441000e+009
 2.04494568e+009
 2.04619646e+009
 2.04483614e+009
 2.04999528e+009
 2.05152940e+009
 2.05030609e+009
 2.04931640e+009
 2.06456959e+009
 2.06491232e+009
 2.06753794e+009
 2.07112580e+009
 2.06768184e+009
 2.06200985e+009
 2.06675745e+009
 2.08385855e+009
 2.08438191e+009
 2.08947470e+009
 2.10370575e+009
 2.07025264e+009
 2.07745817e+009
 2.08082859e+009
 2.07535419e+009
 2.07477940e+009
 2.07942781e+009
 2.09761303e+009
 2.09321611e+009
 2.07114843e+009
 2.06801744e+009
 2.08511052e+009
 2.09481838e+009
 2.07684278e+009
 2.07848713e+009
 2.06893309e+009
 2.07223095e+009
 2.06799283e+009
 2.05839247e+009
 2.05449706e+009
 2.05479554e+009
 2.05525731e+009
 2.05542752e+009
 2.05465820e+009
 2.06460417e+009
 2.06464394e+009
 2.06267165e+009
 2.06290167e+009
 2.07845781e+009
 2.07445330e+009
 2.06804615e+009
 2.06724193e+009
 2.06736874e+009
 2.06142508e+009
 2.07617251e+009
 2.07574525e+009
 2.07650817e+009
 2.06690892e+009
 2.06694837e+009
 2.05247201e+009
 2.05283854e+009
 2.05233344e+009
 2.05165805e+009
 2.05260507e+009
 2.05289002e+009
 2.05356211e+009
 2.05841283e+009
 2.06062523e+009
 2.06489450e+009
 2.05979103e+009
 2.05996232e+009
 2.06044872e+009
 2.06158451e+009
 2.06025196e+009
 2.07673854e+009
 2.09033562e+009
 2.14339680e+009
 2.14753143e+009
 2.16013699e+009
 2.16445333e+009
 2.16010909e+009
 2.15839428e+009
 2.11513423e+009
 2.12181748e+009
 2.13317373e+009
 2.11774689e+009
 2.12158879e+009
 2.07981250e+009
 2.07900796e+009
 2.05368178e+009
 2.05071050e+009
 2.05146943e+009
 2.04744510e+009
 2.04500346e+009
 2.04469084e+009
 2.04669883e+009
 2.04762763e+009
 2.04517998e+009
 2.04756590e+009
 2.06274547e+009
 2.06371611e+009
 2.06369021e+009
 2.06090886e+009
 2.06884986e+009
 2.07014903e+009
 2.06917245e+009
 2.07779325e+009
 2.07643559e+009
 2.08418004e+009
 2.07529546e+009
 2.06727639e+009
 2.07405336e+009
 2.08031699e+009
 2.09735002e+009
 2.10441653e+009
 2.11189645e+009
 2.12779914e+009
 2.12337194e+009
 2.09683868e+009
 2.09683611e+009
 2.07878311e+009
 2.08546359e+009
 2.09715373e+009
 2.09090983e+009
 2.09632829e+009
 2.08267675e+009
 2.10093205e+009
 2.09177954e+009
 2.07243904e+009
 2.07070899e+009
 2.07673188e+009
 2.07568120e+009
 2.07344883e+009
 2.08583898e+009
 2.08594160e+009
 2.08398682e+009
 2.10011344e+009
 2.09915213e+009
 2.09799768e+009
 2.10705279e+009
 2.10756864e+009
 2.10818577e+009
 2.10649614e+009
 2.06405893e+009
 2.04912589e+009
 2.05106273e+009
 2.05726819e+009
 2.05583264e+009
 2.06571603e+009
 2.08963565e+009
 2.08246692e+009
 2.08060006e+009
 2.08000299e+009
 2.08640305e+009
 2.08493095e+009
 2.09044660e+009
 2.07716857e+009
 2.08014121e+009
 2.08263602e+009
 2.08389956e+009
 2.08462511e+009
 2.10857269e+009
 2.10871204e+009
 2.08791533e+009
 2.08993645e+009
 2.05666357e+009
 2.05255730e+009
 2.04993915e+009
 2.06024908e+009
 2.05993856e+009
 2.05589096e+009
 2.05846747e+009
 2.04984021e+009
 2.05176633e+009
 2.05871802e+009
 2.05558457e+009
 2.05963198e+009
 2.06940708e+009
 2.06621889e+009
 2.06347245e+009
 2.05821451e+009
 2.05084616e+009
 2.05063984e+009
 2.04959092e+009
 2.04793314e+009
 2.04715337e+009
 2.07910793e+009
 2.07487325e+009
 2.05961484e+009
 2.06312246e+009
 2.05860215e+009
 2.05374218e+009
 2.04941600e+009
 2.04451394e+009
 2.04409092e+009
 2.04732973e+009
 2.04557867e+009
 2.04813904e+009
 2.05043349e+009
 2.05041948e+009
 2.05080372e+009
 2.04700827e+009
 2.04533239e+009
 2.05415175e+009
 2.09069282e+009
 2.09855151e+009
 2.10942575e+009
 2.12374233e+009
 2.14819813e+009
 2.13216464e+009
 2.12317210e+009
 2.12856220e+009
 2.11433337e+009
 2.11925204e+009
 2.14855463e+009
 2.11515305e+009
 2.10964879e+009
 2.10860256e+009
 2.07615375e+009
 2.07941124e+009
 2.07937784e+009
 2.05926390e+009
 2.05838784e+009
 2.10336459e+009
 2.17160701e+009
 2.18337361e+009
 2.16263214e+009
 2.18786041e+009
 2.04384934e+009
